              precision    recall  f1-score   support

           A       1.00      1.00      1.00       300
           B       1.00      0.99      0.99       300
           C       1.00      1.00      1.00       300
           D       1.00      1.00      1.00       300
           E       0.99      1.00      1.00       300
           F       1.00      1.00      1.00       300
           G       1.00      1.00      1.00       300
           H       1.00      1.00      1.00       300
           I       1.00      1.00      1.00       300
           J       1.00      1.00      1.00       300
           K       1.00      0.97      0.98       300
           L       1.00      1.00      1.00       300
           M       0.99      1.00      1.00       300
           N       1.00      0.99      1.00       300
           O       1.00      1.00      1.00       300
           P       1.00      1.00      1.00       300
           Q       1.00      1.00      1.00       300
           R       1.00      1.00      1.00       300
           S       1.00      1.00      1.00       300
           T       1.00      1.00      1.00       300
           U       1.00      1.00      1.00       300
           V       0.98      1.00      0.99       300
           W       1.00      1.00      1.00       300
           X       1.00      1.00      1.00       300
           Y       1.00      1.00      1.00       300
           Z       1.00      1.00      1.00       300
         del       1.00      1.00      1.00       300
     nothing       1.00      1.00      1.00       300
       space       1.00      1.00      1.00       300

    accuracy                           1.00      8700
   macro avg       1.00      1.00      1.00      8700
weighted avg       1.00      1.00      1.00      8700