              precision    recall  f1-score   support

           A       0.94      0.93      0.93       100
           B       0.90      0.93      0.92       100
       Blank       0.99      0.98      0.98       100
           C       0.96      0.95      0.95       100
           D       0.89      0.89      0.89       100
           E       0.86      0.81      0.84       100
           F       0.95      0.88      0.91       100
           G       0.92      0.93      0.93       100
           H       0.97      0.95      0.96       100
           I       0.89      0.87      0.88       100
           J       0.86      0.96      0.91       100
           K       0.80      0.93      0.86       100
           L       0.95      0.94      0.94       100
           M       0.71      0.77      0.74       100
           N       0.75      0.79      0.77       100
           O       0.89      0.93      0.91       100
           P       0.95      0.98      0.97       100
           Q       0.99      0.85      0.91       100
           R       0.85      0.93      0.89       100
           S       0.87      0.86      0.86       100
           T       0.99      0.89      0.94       100
           U       0.89      0.90      0.90       100
           V       0.75      0.78      0.76       100
           W       0.91      0.75      0.82       100
           X       0.90      0.92      0.91       100
           Y       0.98      0.95      0.96       100
           Z       0.93      0.90      0.91       100

    accuracy                           0.89      2700
   macro avg       0.90      0.89      0.89      2700
weighted avg       0.90      0.89      0.89      2700

