
              precision    recall  f1-score   support

           A       0.93      0.95      0.94       100
           B       1.00      0.90      0.95       100
       Blank       0.99      0.99      0.99       100
           C       0.95      0.96      0.96       100
           D       0.90      0.89      0.89       100
           E       0.88      0.91      0.89       100
           F       0.96      0.92      0.94       100
           G       0.93      0.94      0.94       100
           H       0.97      0.96      0.96       100
           I       0.89      0.89      0.89       100
           J       0.88      0.98      0.93       100
           K       0.85      0.92      0.88       100
           L       0.97      0.96      0.96       100
           M       0.82      0.78      0.80       100
           N       0.79      0.84      0.81       100
           O       0.93      0.92      0.92       100
           P       0.99      0.99      0.99       100
           Q       0.99      0.90      0.94       100
           R       0.90      0.91      0.91       100
           S       0.87      0.87      0.87       100
           T       0.98      0.92      0.95       100
           U       0.82      0.94      0.88       100
           V       0.78      0.83      0.81       100
           W       0.89      0.80      0.84       100
           X       0.90      0.92      0.91       100
           Y       0.99      0.96      0.97       100
           Z       0.95      0.89      0.92       100

    accuracy                           0.91      2700
   macro avg       0.91      0.91      0.91      2700
weighted avg       0.91      0.91      0.91      2700
